# 3ds Max Wavefront OBJ Exporter v0.97b - (c)2007 guruware
# File Created: 19.02.2016 00:03:34

#
# object Box004
#

v  0.0000 1.1250 0.2500
v  1.0000 0.1250 0.2500
v  1.0000 0.1250 0.1250
v  0.0000 1.1250 0.1250
v  0.0000 0.9375 0.2500
v  1.0000 -0.0625 0.2500
v  1.0000 -0.0625 0.1250
v  0.0000 0.9375 0.1250
v  0.0000 1.1250 0.8750
v  1.0000 0.1250 0.8750
v  1.0000 0.1250 0.7500
v  0.0000 1.1250 0.7500
v  0.0000 0.9375 0.8750
v  1.0000 -0.0625 0.8750
v  1.0000 -0.0625 0.7500
v  0.0000 0.9375 0.7500
# 16 vertices

vn 0.7071 0.7071 -0.0000
vn 0.0000 0.0000 1.0000
vn 0.0000 -0.0000 -1.0000
vn -0.0000 -0.0000 -1.0000
vn 0.0000 0.0000 -1.0000
vn -0.7071 -0.7071 0.0000
vn -0.7071 -0.7071 -0.0000
vn 1.0000 0.0000 -0.0000
# 8 vertex normals

vt 0.0000 0.0000 0.0000
vt 1.0000 0.0000 0.0000
vt 1.0000 1.0000 0.0000
vt 0.0000 1.0000 0.0000
# 4 texture coords

g Box004
s 4
f 1/1/1 2/2/1 3/3/1 
f 3/3/1 4/4/1 1/1/1 
s 8
f 5/1/2 6/2/2 2/3/2 
f 2/3/2 1/4/2 5/1/2 
s 32
f 7/1/3 8/2/4 4/3/4 
f 4/3/4 3/4/5 7/1/3 
s 4
f 9/1/1 10/2/1 11/3/1 
f 11/3/1 12/4/1 9/1/1 
s 8
f 13/1/2 14/2/2 10/3/2 
f 10/3/2 9/4/2 13/1/2 
s 32
f 15/1/3 16/2/4 12/3/4 
f 12/3/4 11/4/5 15/1/3 
s 1
f 5/1/6 8/4/7 7/3/6 
f 7/3/6 6/2/6 5/1/6 
f 13/1/7 16/4/7 15/3/7 
f 15/3/7 14/2/7 13/1/7 
s off
f 6/2/8 7/3/8 3/4/8 
f 3/4/8 2/2/8 6/2/8 
f 14/2/8 15/3/8 11/4/8 
f 11/4/8 10/2/8 14/2/8 
# 20 faces

#
# object Object001
#

v  0.0442 0.9817 0.9375
v  0.1326 0.8933 0.9375
v  0.1326 0.8933 0.0625
v  0.0442 0.9817 0.0625
v  -0.0000 0.9375 0.9375
v  0.0884 0.8491 0.9375
v  0.0884 0.8491 0.0625
v  -0.0000 0.9375 0.0625
# 8 vertices

vn 0.7071 0.7071 -0.0000
vn 0.0000 0.0000 1.0000
vn 0.7071 -0.7071 -0.0000
vn 0.0000 0.0000 -1.0000
vn -0.7071 0.7071 -0.0000
vn -0.7071 -0.7071 -0.0000
# 6 vertex normals

vt 0.0000 0.0000 0.0000
vt 1.0000 0.0000 0.0000
vt 1.0000 1.0000 0.0000
vt 0.0000 1.0000 0.0000
# 4 texture coords

g Object001
s 4
f 17/5/9 18/6/9 19/7/9 
f 19/7/9 20/8/9 17/5/9 
s 8
f 21/5/10 22/6/10 18/7/10 
f 18/7/10 17/8/10 21/5/10 
s 16
f 22/5/11 23/6/11 19/7/11 
f 19/7/11 18/8/11 22/5/11 
s 32
f 23/5/12 24/6/12 20/7/12 
f 20/7/12 19/8/12 23/5/12 
s 64
f 24/5/13 21/6/13 17/7/13 
f 17/7/13 20/8/13 24/5/13 
s off
f 23/5/14 22/5/14 21/5/14 
f 21/5/14 24/5/14 23/5/14 
# 12 faces

#
# object Object003
#

v  0.2457 0.7802 0.9375
v  0.3341 0.6918 0.9375
v  0.3341 0.6918 0.0625
v  0.2457 0.7802 0.0625
v  0.2015 0.7360 0.9375
v  0.2899 0.6476 0.9375
v  0.2899 0.6476 0.0625
v  0.2015 0.7360 0.0625
# 8 vertices

vn 0.7071 0.7071 -0.0000
vn 0.0000 0.0000 1.0000
vn 0.7071 -0.7071 -0.0000
vn 0.0000 0.0000 -1.0000
vn -0.7071 0.7071 -0.0000
vn -0.7071 -0.7071 -0.0000
# 6 vertex normals

vt 0.0000 0.0000 0.0000
vt 1.0000 0.0000 0.0000
vt 1.0000 1.0000 0.0000
vt 0.0000 1.0000 0.0000
# 4 texture coords

g Object003
s 4
f 25/9/15 26/10/15 27/11/15 
f 27/11/15 28/12/15 25/9/15 
s 8
f 29/9/16 30/10/16 26/11/16 
f 26/11/16 25/12/16 29/9/16 
s 16
f 30/9/17 31/10/17 27/11/17 
f 27/11/17 26/12/17 30/9/17 
s 32
f 31/9/18 32/10/18 28/11/18 
f 28/11/18 27/12/18 31/9/18 
s 64
f 32/9/19 29/10/19 25/11/19 
f 25/11/19 28/12/19 32/9/19 
s off
f 31/9/20 30/9/20 29/9/20 
f 29/9/20 32/9/20 31/9/20 
# 12 faces

#
# object Object004
#

v  0.4472 0.5786 0.9375
v  0.5356 0.4903 0.9375
v  0.5356 0.4903 0.0625
v  0.4472 0.5786 0.0625
v  0.4031 0.5344 0.9375
v  0.4914 0.4461 0.9375
v  0.4914 0.4461 0.0625
v  0.4031 0.5344 0.0625
# 8 vertices

vn 0.7071 0.7071 -0.0000
vn 0.0000 0.0000 1.0000
vn 0.7071 -0.7071 -0.0000
vn 0.0000 0.0000 -1.0000
vn -0.7071 0.7071 -0.0000
vn -0.7071 -0.7071 -0.0000
# 6 vertex normals

vt 0.0000 0.0000 0.0000
vt 1.0000 0.0000 0.0000
vt 1.0000 1.0000 0.0000
vt 0.0000 1.0000 0.0000
# 4 texture coords

g Object004
s 4
f 33/13/21 34/14/21 35/15/21 
f 35/15/21 36/16/21 33/13/21 
s 8
f 37/13/22 38/14/22 34/15/22 
f 34/15/22 33/16/22 37/13/22 
s 16
f 38/13/23 39/14/23 35/15/23 
f 35/15/23 34/16/23 38/13/23 
s 32
f 39/13/24 40/14/24 36/15/24 
f 36/15/24 35/16/24 39/13/24 
s 64
f 40/13/25 37/14/25 33/15/25 
f 33/15/25 36/16/25 40/13/25 
s off
f 39/13/26 38/13/26 37/13/26 
f 37/13/26 40/13/26 39/13/26 
# 12 faces

#
# object Object005
#

v  0.6488 0.3771 0.9375
v  0.7372 0.2887 0.9375
v  0.7372 0.2887 0.0625
v  0.6488 0.3771 0.0625
v  0.6046 0.3329 0.9375
v  0.6930 0.2445 0.9375
v  0.6930 0.2445 0.0625
v  0.6046 0.3329 0.0625
# 8 vertices

vn 0.7071 0.7071 -0.0000
vn 0.0000 0.0000 1.0000
vn 0.7071 -0.7071 -0.0000
vn 0.0000 0.0000 -1.0000
vn -0.7071 0.7071 -0.0000
vn -0.7071 -0.7071 -0.0000
# 6 vertex normals

vt 0.0000 0.0000 0.0000
vt 1.0000 0.0000 0.0000
vt 1.0000 1.0000 0.0000
vt 0.0000 1.0000 0.0000
# 4 texture coords

g Object005
s 4
f 41/17/27 42/18/27 43/19/27 
f 43/19/27 44/20/27 41/17/27 
s 8
f 45/17/28 46/18/28 42/19/28 
f 42/19/28 41/20/28 45/17/28 
s 16
f 46/17/29 47/18/29 43/19/29 
f 43/19/29 42/20/29 46/17/29 
s 32
f 47/17/30 48/18/30 44/19/30 
f 44/19/30 43/20/30 47/17/30 
s 64
f 48/17/31 45/18/31 41/19/31 
f 41/19/31 44/20/31 48/17/31 
s off
f 47/17/32 46/17/32 45/17/32 
f 45/17/32 48/17/32 47/17/32 
# 12 faces

#
# object Object006
#

v  0.8503 0.1756 0.9375
v  0.9387 0.0872 0.9375
v  0.9387 0.0872 0.0625
v  0.8503 0.1756 0.0625
v  0.8061 0.1314 0.9375
v  0.8945 0.0430 0.9375
v  0.8945 0.0430 0.0625
v  0.8061 0.1314 0.0625
# 8 vertices

vn 0.7071 0.7071 -0.0000
vn 0.0000 0.0000 1.0000
vn 0.7071 -0.7071 -0.0000
vn 0.0000 0.0000 -1.0000
vn -0.7071 0.7071 -0.0000
vn -0.7071 -0.7071 -0.0000
# 6 vertex normals

vt 0.0000 0.0000 0.0000
vt 1.0000 0.0000 0.0000
vt 1.0000 1.0000 0.0000
vt 0.0000 1.0000 0.0000
# 4 texture coords

g Object006
s 4
f 49/21/33 50/22/33 51/23/33 
f 51/23/33 52/24/33 49/21/33 
s 8
f 53/21/34 54/22/34 50/23/34 
f 50/23/34 49/24/34 53/21/34 
s 16
f 54/21/35 55/22/35 51/23/35 
f 51/23/35 50/24/35 54/21/35 
s 32
f 55/21/36 56/22/36 52/23/36 
f 52/23/36 51/24/36 55/21/36 
s 64
f 56/21/37 53/22/37 49/23/37 
f 49/23/37 52/24/37 56/21/37 
s off
f 55/21/38 54/21/38 53/21/38 
f 53/21/38 56/21/38 55/21/38 
# 12 faces

